Case1:0.42361

Case2:0.42362
